
1. Best Fitness: 8949.95
   Average Fitness: 10953.14
   Runtime: 140.84 seconds
   Parameters:
      population_size: 200
      elite_size: 20
      mutation_rate: 0.01
      tournament_size: 3
      generations: 5000

2. Best Fitness: 9173.20
   Average Fitness: 10753.17
   Runtime: 145.83 seconds
   Parameters:
      population_size: 200
      elite_size: 10
      mutation_rate: 0.01
      tournament_size: 5
      generations: 5000

3. Best Fitness: 9431.11
   Average Fitness: 10966.43
   Runtime: 69.42 seconds
   Parameters:
      population_size: 100
      elite_size: 10
      mutation_rate: 0.01
      tournament_size: 5
      generations: 5000



1. Best Fitness: 8165.61
   Average Fitness: 9770.69
   Runtime: 144.76 seconds
   Route: [64, 55, 73, 98, 52, 119, 59, 50, 41, 43, 21, 32, 20, 120, 77, 65, 84, 124, 89, 58, 29, 125, 7, 17, 3, 105, 57, 48, 71, 90, 5, 101, 9, 13, 66, 12, 95, 121, 54, 22, 46, 39, 36, 92, 19, 45, 79, 117, 49, 129, 70, 38, 40, 15, 44, 75, 60, 87, 85, 68, 63, 123, 126, 33, 26, 99, 115, 94, 78, 37, 91, 72, 74, 51, 8, 56, 81, 100, 122, 110, 118, 83, 35, 31, 112, 24, 47, 97, 109, 67, 62, 42, 30, 16, 1, 2, 82, 113, 107, 34, 53, 11, 86, 80, 102, 76, 93, 88, 28, 23, 14, 18, 103, 106, 69, 96, 6, 25, 128, 108, 10, 4, 104, 111, 116, 114, 27, 61, 127, 0]
   Parameters:
      population_size: 200
      elite_size: 10
      mutation_rate: 0.01
      tournament_size: 5
      generations: 5000

2. Best Fitness: 8625.88
   Average Fitness: 10562.42
   Runtime: 139.77 seconds
   Route: [64, 55, 56, 8, 51, 72, 91, 41, 43, 92, 111, 61, 104, 127, 15, 0, 49, 36, 39, 46, 21, 113, 2, 107, 7, 20, 32, 22, 12, 66, 95, 13, 9, 101, 5, 121, 54, 50, 59, 71, 90, 98, 73, 74, 78, 94, 23, 115, 99, 30, 16, 44, 75, 60, 128, 123, 25, 96, 69, 97, 112, 35, 83, 31, 24, 47, 6, 87, 85, 68, 63, 108, 10, 4, 27, 114, 116, 82, 29, 120, 77, 65, 84, 124, 89, 58, 125, 17, 45, 117, 34, 53, 26, 18, 109, 67, 62, 42, 106, 126, 103, 33, 1, 129, 40, 38, 70, 79, 19, 3, 119, 52, 48, 57, 105, 37, 11, 86, 80, 102, 76, 28, 14, 88, 93, 118, 110, 122, 100, 81]
   Parameters:
      population_size: 200
      elite_size: 20
      mutation_rate: 0.01
      tournament_size: 3
      generations: 5000

3. Best Fitness: 9455.07
   Average Fitness: 10646.36
   Runtime: 128.27 seconds
   Route: [109, 88, 26, 19, 124, 84, 65, 89, 77, 120, 22, 46, 43, 41, 105, 37, 110, 122, 100, 81, 90, 59, 50, 54, 9, 13, 95, 66, 12, 32, 20, 7, 107, 113, 2, 114, 27, 4, 10, 44, 15, 116, 82, 29, 58, 125, 17, 45, 79, 117, 53, 78, 11, 86, 80, 102, 76, 93, 97, 24, 47, 67, 62, 106, 0, 40, 127, 104, 61, 111, 38, 70, 129, 49, 1, 16, 33, 30, 99, 23, 115, 57, 52, 119, 5, 101, 121, 39, 21, 36, 92, 34, 3, 48, 71, 91, 94, 28, 14, 18, 42, 103, 126, 128, 75, 108, 60, 123, 63, 68, 85, 87, 25, 6, 96, 69, 64, 72, 98, 73, 74, 51, 8, 56, 55, 118, 83, 35, 31, 112]
   Parameters:
      population_size: 200
      elite_size: 40
      mutation_rate: 0.01
      tournament_size: 3
      generations: 5000



1. Best Fitness: 8698.11
   Average Fitness: 10188.02
   Runtime: 138.11 seconds
   Route: [53, 16, 30, 26, 18, 23, 115, 99, 33, 0, 40, 116, 82, 29, 113, 2, 107, 7, 19, 3, 105, 37, 80, 102, 76, 110, 122, 100, 81, 55, 56, 8, 51, 74, 73, 98, 90, 71, 119, 50, 22, 46, 39, 43, 41, 79, 49, 70, 38, 127, 15, 44, 4, 10, 75, 108, 60, 128, 126, 106, 103, 42, 14, 28, 88, 93, 118, 83, 35, 31, 112, 24, 47, 62, 69, 96, 6, 25, 87, 85, 68, 63, 123, 67, 97, 109, 94, 78, 91, 57, 48, 5, 101, 9, 13, 12, 77, 120, 125, 17, 45, 117, 34, 86, 11, 64, 72, 52, 59, 54, 121, 66, 95, 32, 20, 92, 36, 21, 58, 89, 124, 84, 65, 27, 114, 61, 104, 111, 129, 1]
   Parameters:
      population_size: 100
      elite_size: 10
      mutation_rate: 0.01
      tournament_size: 7
      generations: 10000

2. Best Fitness: 8774.04
   Average Fitness: 10150.51
   Runtime: 121.79 seconds
   Route: [3, 121, 13, 9, 95, 66, 12, 120, 77, 65, 84, 124, 89, 58, 29, 82, 2, 113, 107, 7, 17, 1, 16, 14, 28, 76, 102, 56, 8, 51, 90, 5, 101, 54, 105, 37, 86, 80, 23, 99, 33, 40, 104, 61, 27, 114, 116, 111, 127, 44, 75, 123, 63, 68, 85, 87, 25, 96, 6, 67, 109, 88, 94, 78, 115, 18, 42, 103, 106, 128, 60, 108, 10, 4, 15, 38, 70, 125, 20, 32, 22, 39, 46, 21, 36, 92, 43, 41, 50, 59, 119, 52, 57, 48, 71, 98, 73, 74, 72, 91, 11, 64, 55, 81, 100, 122, 110, 118, 83, 35, 31, 112, 93, 26, 30, 53, 34, 117, 19, 45, 79, 49, 129, 0, 126, 69, 62, 47, 24, 97]
   Parameters:
      population_size: 100
      elite_size: 20
      mutation_rate: 0.01
      tournament_size: 3
      generations: 10000

3. Best Fitness: 8806.65
   Average Fitness: 11572.07
   Runtime: 289.80 seconds
   Route: [100, 41, 95, 66, 12, 120, 77, 65, 84, 124, 89, 58, 29, 125, 50, 59, 119, 52, 105, 126, 106, 103, 42, 18, 14, 28, 23, 94, 78, 80, 86, 11, 91, 72, 98, 73, 74, 51, 64, 55, 8, 56, 81, 118, 83, 35, 112, 67, 62, 69, 96, 6, 25, 87, 85, 68, 63, 123, 128, 60, 108, 75, 44, 15, 104, 61, 111, 116, 20, 32, 22, 13, 9, 101, 5, 54, 121, 39, 46, 21, 36, 92, 19, 45, 79, 117, 1, 53, 16, 33, 0, 40, 38, 70, 129, 49, 2, 127, 10, 4, 27, 114, 82, 113, 107, 7, 17, 43, 3, 34, 30, 26, 99, 115, 37, 57, 48, 71, 90, 102, 76, 93, 88, 109, 97, 47, 24, 31, 110, 122]
   Parameters:
      population_size: 200
      elite_size: 10
      mutation_rate: 0.01
      tournament_size: 3
      generations: 10000



1. Best Fitness: 7777.97
   Average Fitness: 9295.22
   Runtime: 123.29 seconds
   Route: [111, 104, 61, 27, 114, 82, 29, 58, 89, 124, 84, 65, 77, 120, 32, 20, 38, 70, 129, 1, 99, 115, 94, 86, 11, 80, 102, 64, 74, 73, 72, 91, 37, 78, 23, 28, 14, 18, 26, 30, 53, 34, 3, 117, 45, 17, 7, 107, 113, 2, 116, 127, 15, 44, 4, 10, 108, 128, 123, 25, 96, 69, 62, 67, 109, 88, 93, 76, 112, 31, 24, 47, 6, 87, 85, 68, 63, 60, 75, 0, 40, 49, 79, 19, 92, 36, 21, 22, 46, 39, 43, 41, 50, 59, 119, 52, 48, 57, 105, 16, 33, 103, 126, 106, 42, 97, 35, 83, 118, 110, 122, 100, 81, 55, 56, 8, 51, 98, 71, 90, 5, 101, 54, 121, 13, 9, 95, 66, 12, 125]
   Parameters:
      population_size: 100
      elite_size: 20
      mutation_rate: 0.01
      tournament_size: 3
      generations: 10000

2. Best Fitness: 8420.06
   Average Fitness: 9941.77
   Runtime: 282.55 seconds
   Route: [87, 85, 68, 63, 123, 25, 96, 69, 42, 105, 57, 48, 71, 90, 119, 52, 41, 43, 39, 46, 22, 121, 54, 50, 59, 5, 101, 9, 13, 95, 66, 12, 7, 107, 113, 2, 82, 114, 27, 29, 120, 77, 65, 84, 124, 89, 58, 125, 32, 3, 34, 53, 128, 60, 108, 75, 10, 4, 44, 15, 127, 38, 70, 17, 20, 21, 36, 92, 19, 45, 79, 117, 33, 103, 126, 106, 62, 67, 47, 24, 31, 83, 35, 93, 28, 14, 18, 26, 16, 1, 49, 129, 116, 111, 61, 104, 40, 0, 30, 99, 115, 94, 80, 86, 11, 64, 55, 8, 56, 81, 100, 122, 110, 118, 112, 97, 109, 88, 23, 78, 37, 91, 72, 98, 73, 74, 51, 102, 76, 6]
   Parameters:
      population_size: 200
      elite_size: 10
      mutation_rate: 0.01
      tournament_size: 5
      generations: 10000

3. Best Fitness: 8494.96
   Average Fitness: 9918.30
   Runtime: 272.69 seconds
   Route: [9, 13, 121, 37, 86, 11, 64, 55, 51, 8, 56, 81, 100, 122, 110, 118, 83, 35, 31, 112, 67, 62, 6, 87, 85, 68, 63, 123, 128, 60, 108, 75, 10, 4, 44, 15, 127, 116, 111, 104, 61, 27, 114, 82, 2, 107, 7, 17, 129, 70, 38, 40, 0, 126, 25, 96, 69, 106, 103, 42, 33, 1, 49, 113, 125, 29, 58, 89, 124, 84, 65, 77, 120, 32, 20, 43, 41, 52, 57, 91, 102, 76, 93, 24, 47, 97, 109, 88, 18, 99, 115, 23, 94, 78, 3, 36, 21, 22, 95, 12, 66, 101, 5, 54, 50, 59, 119, 90, 71, 48, 105, 34, 117, 79, 45, 19, 92, 46, 39, 53, 16, 30, 26, 14, 28, 80, 72, 74, 73, 98]
   Parameters:
      population_size: 200
      elite_size: 20
      mutation_rate: 0.01
      tournament_size: 7
      generations: 10000


