## Results For 5000 generations

1. Best Fitness: 8949.95
   Average Fitness: 10953.14
   Runtime: 140.84 seconds
   Parameters:
      population_size: 200
      elite_size: 20
      mutation_rate: 0.01
      tournament_size: 3
      generations: 5000

2. Best Fitness: 9173.20
   Average Fitness: 10753.17
   Runtime: 145.83 seconds
   Parameters:
      population_size: 200
      elite_size: 10
      mutation_rate: 0.01
      tournament_size: 5
      generations: 5000

3. Best Fitness: 9431.11
   Average Fitness: 10966.43
   Runtime: 69.42 seconds
   Parameters:
      population_size: 100
      elite_size: 10
      mutation_rate: 0.01
      tournament_size: 5
      generations: 5000

4. Best Fitness: 9639.01
   Average Fitness: 10942.16
   Runtime: 141.05 seconds
   Parameters:
      population_size: 200
      elite_size: 20
      mutation_rate: 0.01
      tournament_size: 5
      generations: 5000

5. Best Fitness: 9674.03
   Average Fitness: 11659.08
   Runtime: 68.07 seconds
   Parameters:
      population_size: 100
      elite_size: 10
      mutation_rate: 0.01
      tournament_size: 3
      generations: 5000

6. Best Fitness: 9788.79
   Average Fitness: 11389.05
   Runtime: 147.20 seconds
   Parameters:
      population_size: 200
      elite_size: 10
      mutation_rate: 0.01
      tournament_size: 7
      generations: 5000

7. Best Fitness: 9790.72
   Average Fitness: 11271.15
   Runtime: 129.65 seconds
   Parameters:
      population_size: 200
      elite_size: 40
      mutation_rate: 0.01
      tournament_size: 3
      generations: 5000

8. Best Fitness: 9910.64
   Average Fitness: 11308.88
   Runtime: 38.67 seconds
   Parameters:
      population_size: 50
      elite_size: 10
      mutation_rate: 0.01
      tournament_size: 3
      generations: 5000

9. Best Fitness: 10012.37
   Average Fitness: 13628.38
   Runtime: 146.91 seconds
   Parameters:
      population_size: 200
      elite_size: 10
      mutation_rate: 0.01
      tournament_size: 3
      generations: 5000

10. Best Fitness: 10056.25
   Average Fitness: 11186.33
   Runtime: 62.32 seconds
   Parameters:
      population_size: 100
      elite_size: 20
      mutation_rate: 0.01
      tournament_size: 5
      generations: 5000


## 5 000 run no.2

1. Best Fitness: 8165.61
   Average Fitness: 9770.69
   Runtime: 144.76 seconds
   Route: [64, 55, 73, 98, 52, 119, 59, 50, 41, 43, 21, 32, 20, 120, 77, 65, 84, 124, 89, 58, 29, 125, 7, 17, 3, 105, 57, 48, 71, 90, 5, 101, 9, 13, 66, 12, 95, 121, 54, 22, 46, 39, 36, 92, 19, 45, 79, 117, 49, 129, 70, 38, 40, 15, 44, 75, 60, 87, 85, 68, 63, 123, 126, 33, 26, 99, 115, 94, 78, 37, 91, 72, 74, 51, 8, 56, 81, 100, 122, 110, 118, 83, 35, 31, 112, 24, 47, 97, 109, 67, 62, 42, 30, 16, 1, 2, 82, 113, 107, 34, 53, 11, 86, 80, 102, 76, 93, 88, 28, 23, 14, 18, 103, 106, 69, 96, 6, 25, 128, 108, 10, 4, 104, 111, 116, 114, 27, 61, 127, 0]
   Parameters:
      population_size: 200
      elite_size: 10
      mutation_rate: 0.01
      tournament_size: 5
      generations: 5000

2. Best Fitness: 8625.88
   Average Fitness: 10562.42
   Runtime: 139.77 seconds
   Route: [64, 55, 56, 8, 51, 72, 91, 41, 43, 92, 111, 61, 104, 127, 15, 0, 49, 36, 39, 46, 21, 113, 2, 107, 7, 20, 32, 22, 12, 66, 95, 13, 9, 101, 5, 121, 54, 50, 59, 71, 90, 98, 73, 74, 78, 94, 23, 115, 99, 30, 16, 44, 75, 60, 128, 123, 25, 96, 69, 97, 112, 35, 83, 31, 24, 47, 6, 87, 85, 68, 63, 108, 10, 4, 27, 114, 116, 82, 29, 120, 77, 65, 84, 124, 89, 58, 125, 17, 45, 117, 34, 53, 26, 18, 109, 67, 62, 42, 106, 126, 103, 33, 1, 129, 40, 38, 70, 79, 19, 3, 119, 52, 48, 57, 105, 37, 11, 86, 80, 102, 76, 28, 14, 88, 93, 118, 110, 122, 100, 81]
   Parameters:
      population_size: 200
      elite_size: 20
      mutation_rate: 0.01
      tournament_size: 3
      generations: 5000

3. Best Fitness: 9455.07
   Average Fitness: 10646.36
   Runtime: 128.27 seconds
   Route: [109, 88, 26, 19, 124, 84, 65, 89, 77, 120, 22, 46, 43, 41, 105, 37, 110, 122, 100, 81, 90, 59, 50, 54, 9, 13, 95, 66, 12, 32, 20, 7, 107, 113, 2, 114, 27, 4, 10, 44, 15, 116, 82, 29, 58, 125, 17, 45, 79, 117, 53, 78, 11, 86, 80, 102, 76, 93, 97, 24, 47, 67, 62, 106, 0, 40, 127, 104, 61, 111, 38, 70, 129, 49, 1, 16, 33, 30, 99, 23, 115, 57, 52, 119, 5, 101, 121, 39, 21, 36, 92, 34, 3, 48, 71, 91, 94, 28, 14, 18, 42, 103, 126, 128, 75, 108, 60, 123, 63, 68, 85, 87, 25, 6, 96, 69, 64, 72, 98, 73, 74, 51, 8, 56, 55, 118, 83, 35, 31, 112]
   Parameters:
      population_size: 200
      elite_size: 40
      mutation_rate: 0.01
      tournament_size: 3
      generations: 5000

4. Best Fitness: 9476.08
   Average Fitness: 12111.77
   Runtime: 146.99 seconds
   Route: [60, 108, 10, 75, 18, 14, 28, 110, 122, 100, 102, 76, 93, 88, 109, 97, 67, 62, 47, 24, 112, 31, 35, 83, 118, 81, 56, 8, 55, 64, 23, 26, 30, 33, 42, 103, 106, 69, 96, 6, 87, 85, 68, 63, 123, 128, 0, 40, 129, 1, 53, 105, 57, 71, 90, 73, 74, 51, 11, 86, 80, 94, 78, 115, 99, 16, 49, 29, 58, 27, 114, 82, 113, 125, 19, 34, 37, 91, 72, 98, 48, 52, 119, 59, 50, 41, 3, 117, 79, 45, 17, 7, 107, 70, 38, 104, 61, 127, 15, 44, 4, 111, 116, 2, 20, 32, 92, 36, 21, 39, 46, 22, 121, 13, 9, 95, 66, 12, 77, 65, 84, 124, 89, 120, 5, 101, 54, 43, 126, 25]
   Parameters:
      population_size: 200
      elite_size: 10
      mutation_rate: 0.01
      tournament_size: 3
      generations: 5000

5. Best Fitness: 9685.89
   Average Fitness: 10814.97
   Runtime: 124.42 seconds
   Route: [41, 43, 39, 46, 20, 7, 107, 113, 29, 58, 84, 65, 77, 120, 32, 21, 36, 92, 19, 34, 53, 11, 86, 80, 102, 28, 14, 30, 16, 33, 0, 40, 70, 38, 104, 111, 116, 2, 125, 12, 66, 95, 13, 9, 54, 50, 59, 119, 52, 71, 48, 57, 105, 37, 78, 115, 99, 26, 69, 96, 63, 68, 85, 87, 6, 62, 67, 47, 24, 31, 83, 35, 112, 97, 109, 1, 79, 45, 117, 3, 72, 98, 73, 74, 51, 64, 76, 93, 88, 42, 103, 126, 128, 60, 123, 25, 106, 18, 23, 94, 91, 90, 5, 101, 121, 22, 17, 49, 129, 82, 89, 124, 27, 114, 61, 127, 15, 44, 4, 10, 108, 75, 118, 110, 122, 100, 81, 56, 8, 55]
   Parameters:
      population_size: 200
      elite_size: 40
      mutation_rate: 0.01
      tournament_size: 5
      generations: 5000

6. Best Fitness: 9823.57
   Average Fitness: 11067.51
   Runtime: 63.30 seconds
   Route: [93, 76, 102, 80, 11, 86, 94, 23, 103, 126, 27, 65, 84, 124, 89, 32, 20, 127, 15, 40, 38, 70, 7, 107, 2, 116, 111, 4, 10, 63, 68, 85, 87, 25, 96, 6, 67, 97, 109, 28, 78, 37, 57, 48, 71, 90, 52, 119, 59, 50, 41, 43, 36, 21, 22, 95, 13, 9, 101, 5, 98, 51, 8, 56, 55, 74, 73, 72, 91, 105, 54, 121, 66, 12, 46, 39, 92, 3, 34, 53, 106, 69, 62, 31, 35, 83, 118, 110, 122, 100, 81, 64, 115, 99, 33, 44, 75, 108, 60, 128, 123, 47, 24, 112, 14, 18, 26, 30, 16, 129, 49, 1, 117, 19, 79, 45, 17, 113, 82, 29, 125, 120, 77, 58, 114, 61, 104, 0, 42, 88]
   Parameters:
      population_size: 100
      elite_size: 20
      mutation_rate: 0.01
      tournament_size: 5
      generations: 5000

7. Best Fitness: 9884.89
   Average Fitness: 11332.10
   Runtime: 62.60 seconds
   Route: [117, 79, 45, 7, 107, 113, 125, 58, 29, 82, 2, 0, 67, 47, 97, 91, 90, 71, 48, 57, 41, 39, 46, 92, 19, 1, 96, 25, 123, 60, 75, 27, 65, 84, 124, 89, 114, 61, 111, 104, 44, 128, 62, 24, 31, 35, 112, 109, 14, 78, 37, 105, 52, 119, 5, 101, 9, 13, 121, 54, 59, 50, 43, 3, 53, 16, 33, 106, 69, 6, 87, 85, 68, 63, 108, 10, 4, 15, 127, 38, 70, 129, 49, 17, 20, 32, 36, 21, 22, 95, 66, 12, 77, 120, 116, 40, 126, 103, 42, 83, 118, 110, 122, 100, 76, 102, 80, 94, 115, 23, 28, 93, 88, 18, 26, 30, 99, 64, 55, 81, 56, 8, 51, 74, 73, 98, 72, 11, 86, 34]
   Parameters:
      population_size: 100
      elite_size: 20
      mutation_rate: 0.01
      tournament_size: 3
      generations: 5000

8. Best Fitness: 9942.85
   Average Fitness: 10915.06
   Runtime: 50.95 seconds
   Route: [87, 85, 68, 63, 60, 75, 44, 15, 33, 30, 16, 1, 49, 113, 29, 58, 89, 124, 84, 65, 27, 114, 107, 7, 125, 120, 77, 12, 66, 95, 22, 32, 20, 17, 2, 82, 104, 127, 128, 25, 123, 108, 10, 4, 61, 111, 116, 34, 53, 37, 91, 72, 98, 11, 86, 3, 92, 21, 36, 43, 41, 52, 119, 50, 59, 101, 5, 90, 71, 48, 57, 73, 74, 51, 8, 56, 55, 102, 93, 88, 109, 97, 24, 47, 42, 103, 106, 126, 38, 70, 129, 79, 45, 19, 117, 40, 0, 96, 69, 62, 67, 31, 118, 110, 122, 100, 81, 64, 105, 54, 121, 9, 13, 46, 39, 78, 23, 14, 28, 112, 35, 83, 76, 80, 94, 115, 99, 26, 18, 6]
   Parameters:
      population_size: 100
      elite_size: 40
      mutation_rate: 0.01
      tournament_size: 3
      generations: 5000

9. Best Fitness: 10083.96
   Average Fitness: 11478.23
   Runtime: 136.82 seconds
   Route: [60, 68, 85, 87, 6, 109, 97, 24, 47, 67, 62, 96, 25, 63, 123, 128, 69, 106, 126, 103, 42, 36, 21, 22, 95, 13, 9, 52, 105, 91, 64, 55, 102, 76, 93, 28, 14, 30, 33, 16, 1, 89, 124, 84, 65, 27, 114, 4, 10, 108, 75, 44, 15, 127, 104, 111, 116, 2, 113, 107, 7, 17, 129, 70, 38, 82, 29, 58, 125, 20, 32, 12, 66, 46, 39, 121, 54, 101, 5, 90, 71, 37, 78, 23, 99, 53, 117, 19, 45, 79, 49, 40, 0, 34, 3, 43, 41, 50, 59, 119, 48, 57, 98, 72, 11, 86, 80, 94, 115, 26, 18, 88, 112, 31, 35, 83, 118, 56, 73, 74, 51, 8, 81, 100, 122, 110, 92, 120, 77, 61]
   Parameters:
      population_size: 200
      elite_size: 20
      mutation_rate: 0.01
      tournament_size: 5
      generations: 5000

10. Best Fitness: 10172.36
   Average Fitness: 11621.94
   Runtime: 68.99 seconds
   Route: [110, 118, 83, 63, 68, 85, 87, 6, 47, 24, 31, 35, 112, 109, 97, 67, 62, 69, 96, 25, 106, 42, 26, 18, 14, 64, 55, 51, 8, 56, 81, 102, 80, 76, 93, 88, 28, 23, 37, 105, 41, 43, 53, 16, 33, 126, 128, 75, 44, 15, 127, 61, 27, 114, 116, 2, 113, 120, 95, 13, 9, 66, 12, 77, 58, 29, 125, 32, 22, 121, 101, 5, 54, 39, 46, 92, 19, 45, 79, 111, 104, 40, 38, 70, 1, 78, 86, 11, 74, 73, 91, 3, 117, 49, 129, 0, 4, 10, 108, 60, 123, 103, 30, 99, 115, 72, 98, 90, 71, 48, 57, 52, 119, 59, 50, 36, 21, 20, 7, 107, 89, 84, 65, 124, 82, 17, 34, 94, 100, 122]
   Parameters:
      population_size: 100
      elite_size: 10
      mutation_rate: 0.01
      tournament_size: 5
      generations: 5000

## Results for 10 000 generations
Unfortunately the routes below are 0 indexed which they are not in ch130.tsp. This means that city 50 is actually city 51.

1. Best Fitness: 8698.11
   Average Fitness: 10188.02
   Runtime: 138.11 seconds
   Route: [53, 16, 30, 26, 18, 23, 115, 99, 33, 0, 40, 116, 82, 29, 113, 2, 107, 7, 19, 3, 105, 37, 80, 102, 76, 110, 122, 100, 81, 55, 56, 8, 51, 74, 73, 98, 90, 71, 119, 50, 22, 46, 39, 43, 41, 79, 49, 70, 38, 127, 15, 44, 4, 10, 75, 108, 60, 128, 126, 106, 103, 42, 14, 28, 88, 93, 118, 83, 35, 31, 112, 24, 47, 62, 69, 96, 6, 25, 87, 85, 68, 63, 123, 67, 97, 109, 94, 78, 91, 57, 48, 5, 101, 9, 13, 12, 77, 120, 125, 17, 45, 117, 34, 86, 11, 64, 72, 52, 59, 54, 121, 66, 95, 32, 20, 92, 36, 21, 58, 89, 124, 84, 65, 27, 114, 61, 104, 111, 129, 1]
   Parameters:
      population_size: 100
      elite_size: 10
      mutation_rate: 0.01
      tournament_size: 7
      generations: 10000

2. Best Fitness: 8774.04
   Average Fitness: 10150.51
   Runtime: 121.79 seconds
   Route: [3, 121, 13, 9, 95, 66, 12, 120, 77, 65, 84, 124, 89, 58, 29, 82, 2, 113, 107, 7, 17, 1, 16, 14, 28, 76, 102, 56, 8, 51, 90, 5, 101, 54, 105, 37, 86, 80, 23, 99, 33, 40, 104, 61, 27, 114, 116, 111, 127, 44, 75, 123, 63, 68, 85, 87, 25, 96, 6, 67, 109, 88, 94, 78, 115, 18, 42, 103, 106, 128, 60, 108, 10, 4, 15, 38, 70, 125, 20, 32, 22, 39, 46, 21, 36, 92, 43, 41, 50, 59, 119, 52, 57, 48, 71, 98, 73, 74, 72, 91, 11, 64, 55, 81, 100, 122, 110, 118, 83, 35, 31, 112, 93, 26, 30, 53, 34, 117, 19, 45, 79, 49, 129, 0, 126, 69, 62, 47, 24, 97]
   Parameters:
      population_size: 100
      elite_size: 20
      mutation_rate: 0.01
      tournament_size: 3
      generations: 10000

3. Best Fitness: 8806.65
   Average Fitness: 11572.07
   Runtime: 289.80 seconds
   Route: [100, 41, 95, 66, 12, 120, 77, 65, 84, 124, 89, 58, 29, 125, 50, 59, 119, 52, 105, 126, 106, 103, 42, 18, 14, 28, 23, 94, 78, 80, 86, 11, 91, 72, 98, 73, 74, 51, 64, 55, 8, 56, 81, 118, 83, 35, 112, 67, 62, 69, 96, 6, 25, 87, 85, 68, 63, 123, 128, 60, 108, 75, 44, 15, 104, 61, 111, 116, 20, 32, 22, 13, 9, 101, 5, 54, 121, 39, 46, 21, 36, 92, 19, 45, 79, 117, 1, 53, 16, 33, 0, 40, 38, 70, 129, 49, 2, 127, 10, 4, 27, 114, 82, 113, 107, 7, 17, 43, 3, 34, 30, 26, 99, 115, 37, 57, 48, 71, 90, 102, 76, 93, 88, 109, 97, 47, 24, 31, 110, 122]
   Parameters:
      population_size: 200
      elite_size: 10
      mutation_rate: 0.01
      tournament_size: 3
      generations: 10000

4. Best Fitness: 8966.15
   Average Fitness: 10452.92
   Runtime: 273.96 seconds
   Route: [4, 10, 108, 60, 25, 96, 69, 106, 126, 103, 42, 33, 30, 26, 18, 14, 23, 28, 88, 109, 97, 112, 31, 83, 35, 93, 76, 102, 72, 98, 90, 71, 119, 41, 92, 125, 29, 58, 89, 124, 84, 65, 27, 61, 104, 38, 129, 49, 1, 19, 43, 50, 59, 52, 105, 37, 86, 11, 91, 57, 48, 5, 101, 9, 13, 95, 66, 12, 32, 45, 79, 117, 34, 53, 78, 55, 56, 8, 64, 80, 94, 115, 99, 16, 0, 40, 70, 17, 21, 36, 46, 39, 54, 121, 22, 20, 7, 107, 113, 2, 82, 116, 111, 127, 15, 44, 75, 128, 123, 63, 68, 85, 87, 6, 62, 67, 47, 24, 118, 110, 122, 100, 81, 51, 74, 73, 3, 120, 77, 114]
   Parameters:
      population_size: 200
      elite_size: 20
      mutation_rate: 0.01
      tournament_size: 5
      generations: 10000

5. Best Fitness: 9228.78
   Average Fitness: 11279.74
   Runtime: 274.86 seconds
   Route: [80, 102, 86, 11, 64, 72, 98, 90, 54, 22, 120, 58, 89, 124, 27, 75, 25, 6, 96, 69, 42, 33, 16, 53, 34, 19, 92, 46, 39, 50, 59, 119, 71, 48, 57, 52, 41, 43, 36, 21, 32, 20, 7, 107, 2, 38, 40, 0, 106, 62, 67, 47, 24, 31, 83, 118, 35, 112, 97, 109, 88, 93, 28, 23, 94, 115, 99, 103, 126, 128, 123, 87, 85, 68, 63, 60, 108, 10, 4, 44, 15, 127, 111, 116, 45, 79, 117, 30, 26, 18, 14, 76, 110, 122, 100, 81, 55, 56, 8, 51, 74, 73, 91, 37, 105, 3, 1, 49, 129, 70, 104, 61, 114, 82, 125, 12, 66, 95, 13, 9, 101, 5, 121, 77, 65, 84, 29, 113, 17, 78]
   Parameters:
      population_size: 200
      elite_size: 20
      mutation_rate: 0.01
      tournament_size: 3
      generations: 10000

6. Best Fitness: 9282.11
   Average Fitness: 10431.98
   Runtime: 274.95 seconds
   Route: [41, 43, 28, 93, 88, 42, 103, 89, 124, 84, 65, 77, 12, 66, 95, 22, 46, 39, 36, 20, 125, 113, 2, 116, 111, 114, 27, 61, 104, 127, 38, 40, 75, 108, 60, 128, 126, 106, 69, 96, 25, 123, 63, 68, 85, 87, 6, 62, 67, 18, 78, 37, 57, 48, 52, 119, 50, 59, 5, 101, 121, 92, 19, 45, 79, 0, 44, 10, 4, 15, 70, 129, 49, 1, 53, 16, 33, 30, 26, 99, 115, 94, 23, 14, 109, 97, 47, 24, 112, 31, 35, 83, 118, 76, 102, 64, 74, 73, 72, 98, 90, 71, 54, 9, 13, 21, 32, 120, 58, 29, 82, 107, 7, 17, 117, 34, 3, 91, 51, 8, 56, 55, 11, 86, 80, 110, 122, 100, 81, 105]
   Parameters:
      population_size: 200
      elite_size: 20
      mutation_rate: 0.01
      tournament_size: 7
      generations: 10000

7. Best Fitness: 9364.57
   Average Fitness: 10900.70
   Runtime: 284.27 seconds
   Route: [86, 82, 124, 65, 84, 89, 29, 125, 113, 17, 71, 90, 98, 72, 73, 74, 51, 8, 56, 55, 64, 102, 25, 63, 68, 85, 87, 6, 47, 24, 112, 31, 35, 83, 118, 76, 80, 11, 91, 57, 48, 52, 54, 121, 13, 9, 101, 5, 59, 50, 41, 3, 34, 53, 16, 33, 126, 106, 103, 42, 26, 18, 14, 28, 93, 88, 109, 97, 67, 62, 69, 96, 123, 128, 60, 108, 75, 44, 127, 104, 111, 61, 27, 114, 58, 77, 120, 12, 66, 95, 22, 46, 39, 119, 105, 37, 78, 94, 115, 99, 1, 70, 38, 116, 2, 45, 79, 117, 19, 92, 43, 36, 21, 32, 20, 7, 107, 49, 129, 40, 15, 4, 10, 0, 30, 23, 110, 122, 100, 81]
   Parameters:
      population_size: 200
      elite_size: 10
      mutation_rate: 0.01
      tournament_size: 5
      generations: 10000

8. Best Fitness: 9421.41
   Average Fitness: 10956.97
   Runtime: 248.87 seconds
   Route: [122, 110, 118, 83, 35, 31, 112, 24, 47, 97, 76, 56, 8, 51, 74, 73, 98, 48, 57, 20, 7, 107, 17, 1, 16, 30, 99, 23, 115, 43, 121, 13, 9, 59, 50, 119, 52, 41, 46, 22, 95, 66, 12, 125, 82, 114, 27, 61, 127, 15, 44, 75, 108, 60, 87, 85, 68, 63, 123, 128, 0, 129, 49, 34, 3, 117, 79, 45, 19, 92, 39, 54, 101, 5, 90, 71, 91, 72, 11, 86, 80, 28, 14, 18, 26, 33, 10, 4, 104, 111, 116, 38, 70, 40, 126, 103, 42, 106, 25, 6, 96, 69, 62, 67, 109, 88, 93, 102, 55, 64, 94, 78, 53, 2, 113, 29, 58, 89, 124, 84, 65, 77, 120, 32, 21, 36, 105, 37, 81, 100]
   Parameters:
      population_size: 200
      elite_size: 40
      mutation_rate: 0.01
      tournament_size: 3
      generations: 10000

9. Best Fitness: 9449.93
   Average Fitness: 10826.26
   Runtime: 124.97 seconds
   Route: [29, 77, 120, 21, 36, 39, 46, 22, 32, 20, 7, 113, 2, 116, 127, 15, 75, 128, 126, 103, 42, 109, 35, 83, 93, 88, 18, 26, 30, 1, 82, 124, 65, 84, 89, 58, 125, 107, 17, 45, 3, 34, 53, 115, 23, 28, 14, 99, 111, 104, 61, 114, 27, 4, 10, 44, 40, 38, 70, 129, 49, 79, 117, 19, 92, 43, 41, 57, 91, 72, 74, 73, 98, 90, 71, 48, 50, 59, 95, 12, 66, 9, 13, 121, 54, 101, 5, 119, 52, 105, 37, 78, 94, 86, 11, 51, 8, 56, 55, 102, 76, 112, 31, 24, 47, 118, 110, 122, 100, 81, 64, 80, 97, 67, 62, 69, 96, 25, 123, 60, 108, 0, 16, 33, 106, 6, 87, 85, 68, 63]
   Parameters:
      population_size: 100
      elite_size: 20
      mutation_rate: 0.01
      tournament_size: 5
      generations: 10000

10. Best Fitness: 9563.21
   Average Fitness: 10965.39
   Runtime: 287.08 seconds
   Route: [108, 60, 63, 68, 85, 87, 123, 128, 33, 115, 51, 8, 56, 81, 100, 122, 110, 55, 64, 37, 17, 58, 89, 124, 84, 65, 116, 0, 126, 103, 106, 69, 96, 25, 6, 62, 67, 42, 99, 105, 57, 48, 11, 86, 80, 102, 76, 118, 83, 35, 31, 112, 88, 18, 26, 30, 16, 53, 1, 40, 44, 75, 10, 4, 15, 127, 38, 70, 129, 49, 79, 45, 92, 39, 46, 21, 32, 20, 7, 107, 2, 113, 125, 13, 9, 121, 54, 50, 59, 119, 52, 71, 98, 73, 74, 72, 94, 23, 28, 93, 24, 47, 97, 109, 14, 78, 91, 90, 5, 101, 41, 43, 19, 117, 34, 3, 36, 22, 95, 66, 12, 77, 120, 29, 82, 114, 27, 61, 111, 104]
   Parameters:
      population_size: 200
      elite_size: 10
      mutation_rate: 0.01
      tournament_size: 7
      generations: 10000


## 10 000 attempt no.2

1. Best Fitness: 7777.97
   Average Fitness: 9295.22
   Runtime: 123.29 seconds
   Route: [111, 104, 61, 27, 114, 82, 29, 58, 89, 124, 84, 65, 77, 120, 32, 20, 38, 70, 129, 1, 99, 115, 94, 86, 11, 80, 102, 64, 74, 73, 72, 91, 37, 78, 23, 28, 14, 18, 26, 30, 53, 34, 3, 117, 45, 17, 7, 107, 113, 2, 116, 127, 15, 44, 4, 10, 108, 128, 123, 25, 96, 69, 62, 67, 109, 88, 93, 76, 112, 31, 24, 47, 6, 87, 85, 68, 63, 60, 75, 0, 40, 49, 79, 19, 92, 36, 21, 22, 46, 39, 43, 41, 50, 59, 119, 52, 48, 57, 105, 16, 33, 103, 126, 106, 42, 97, 35, 83, 118, 110, 122, 100, 81, 55, 56, 8, 51, 98, 71, 90, 5, 101, 54, 121, 13, 9, 95, 66, 12, 125]
   Parameters:
      population_size: 100
      elite_size: 20
      mutation_rate: 0.01
      tournament_size: 3
      generations: 10000

2. Best Fitness: 8420.06
   Average Fitness: 9941.77
   Runtime: 282.55 seconds
   Route: [87, 85, 68, 63, 123, 25, 96, 69, 42, 105, 57, 48, 71, 90, 119, 52, 41, 43, 39, 46, 22, 121, 54, 50, 59, 5, 101, 9, 13, 95, 66, 12, 7, 107, 113, 2, 82, 114, 27, 29, 120, 77, 65, 84, 124, 89, 58, 125, 32, 3, 34, 53, 128, 60, 108, 75, 10, 4, 44, 15, 127, 38, 70, 17, 20, 21, 36, 92, 19, 45, 79, 117, 33, 103, 126, 106, 62, 67, 47, 24, 31, 83, 35, 93, 28, 14, 18, 26, 16, 1, 49, 129, 116, 111, 61, 104, 40, 0, 30, 99, 115, 94, 80, 86, 11, 64, 55, 8, 56, 81, 100, 122, 110, 118, 112, 97, 109, 88, 23, 78, 37, 91, 72, 98, 73, 74, 51, 102, 76, 6]
   Parameters:
      population_size: 200
      elite_size: 10
      mutation_rate: 0.01
      tournament_size: 5
      generations: 10000

3. Best Fitness: 8494.96
   Average Fitness: 9918.30
   Runtime: 272.69 seconds
   Route: [9, 13, 121, 37, 86, 11, 64, 55, 51, 8, 56, 81, 100, 122, 110, 118, 83, 35, 31, 112, 67, 62, 6, 87, 85, 68, 63, 123, 128, 60, 108, 75, 10, 4, 44, 15, 127, 116, 111, 104, 61, 27, 114, 82, 2, 107, 7, 17, 129, 70, 38, 40, 0, 126, 25, 96, 69, 106, 103, 42, 33, 1, 49, 113, 125, 29, 58, 89, 124, 84, 65, 77, 120, 32, 20, 43, 41, 52, 57, 91, 102, 76, 93, 24, 47, 97, 109, 88, 18, 99, 115, 23, 94, 78, 3, 36, 21, 22, 95, 12, 66, 101, 5, 54, 50, 59, 119, 90, 71, 48, 105, 34, 117, 79, 45, 19, 92, 46, 39, 53, 16, 30, 26, 14, 28, 80, 72, 74, 73, 98]
   Parameters:
      population_size: 200
      elite_size: 20
      mutation_rate: 0.01
      tournament_size: 7
      generations: 10000

4. Best Fitness: 8614.25
   Average Fitness: 10011.12
   Runtime: 248.68 seconds
   Route: [55, 64, 11, 86, 37, 91, 5, 101, 9, 12, 77, 120, 21, 52, 105, 3, 10, 4, 82, 113, 125, 29, 58, 89, 124, 84, 65, 27, 114, 61, 104, 38, 70, 40, 0, 126, 42, 88, 80, 51, 74, 73, 72, 98, 90, 71, 48, 57, 119, 13, 66, 95, 32, 20, 17, 7, 107, 2, 116, 111, 127, 15, 44, 75, 108, 60, 128, 123, 63, 68, 85, 87, 25, 6, 96, 69, 106, 103, 18, 14, 28, 23, 94, 78, 115, 99, 30, 1, 129, 49, 117, 79, 45, 19, 43, 41, 50, 59, 54, 121, 22, 46, 39, 36, 92, 34, 53, 16, 33, 26, 109, 112, 35, 118, 83, 31, 24, 47, 62, 67, 97, 93, 76, 102, 110, 122, 100, 81, 56, 8]
   Parameters:
      population_size: 200
      elite_size: 40
      mutation_rate: 0.01
      tournament_size: 3
      generations: 10000

5. Best Fitness: 8693.60
   Average Fitness: 10024.16
   Runtime: 275.03 seconds
   Route: [88, 112, 31, 35, 83, 118, 93, 41, 13, 9, 95, 66, 12, 120, 125, 113, 2, 116, 40, 0, 106, 62, 67, 47, 24, 97, 109, 28, 115, 78, 80, 102, 76, 110, 122, 100, 81, 64, 55, 56, 8, 51, 74, 73, 98, 72, 91, 105, 1, 129, 70, 38, 49, 117, 79, 45, 19, 3, 37, 11, 86, 94, 23, 14, 42, 103, 126, 60, 108, 10, 4, 27, 114, 61, 111, 104, 127, 15, 44, 75, 128, 123, 63, 68, 85, 87, 25, 6, 96, 69, 33, 16, 30, 26, 18, 99, 53, 34, 92, 36, 21, 46, 39, 121, 54, 101, 5, 59, 119, 52, 57, 48, 71, 90, 50, 43, 22, 77, 65, 84, 124, 89, 58, 29, 82, 107, 7, 17, 20, 32]
   Parameters:
      population_size: 200
      elite_size: 20
      mutation_rate: 0.01
      tournament_size: 5
      generations: 10000

6. Best Fitness: 8724.94
   Average Fitness: 11671.55
   Runtime: 286.70 seconds
   Route: [72, 91, 105, 92, 125, 89, 84, 65, 124, 116, 38, 70, 2, 29, 58, 77, 120, 21, 46, 39, 22, 95, 66, 12, 32, 20, 45, 79, 111, 127, 104, 61, 27, 114, 82, 113, 107, 7, 17, 1, 33, 26, 99, 30, 16, 53, 3, 41, 50, 59, 119, 52, 57, 48, 71, 90, 98, 73, 74, 51, 55, 64, 102, 76, 94, 78, 115, 23, 28, 14, 18, 42, 103, 126, 60, 108, 75, 10, 4, 44, 15, 40, 129, 49, 34, 37, 11, 86, 80, 93, 88, 109, 97, 67, 62, 69, 96, 6, 25, 87, 85, 68, 63, 123, 128, 0, 117, 19, 36, 121, 13, 9, 101, 5, 54, 43, 106, 47, 24, 112, 31, 35, 83, 118, 110, 122, 100, 81, 56, 8]
   Parameters:
      population_size: 200
      elite_size: 10
      mutation_rate: 0.01
      tournament_size: 3
      generations: 10000

7. Best Fitness: 9099.37
   Average Fitness: 11195.70
   Runtime: 277.19 seconds
   Route: [120, 29, 82, 75, 60, 128, 106, 42, 28, 76, 55, 56, 8, 51, 74, 73, 72, 91, 57, 48, 52, 119, 54, 121, 66, 12, 77, 58, 89, 124, 84, 65, 27, 114, 2, 17, 79, 117, 34, 3, 115, 23, 14, 109, 97, 24, 47, 62, 67, 112, 31, 35, 83, 118, 93, 88, 18, 26, 99, 30, 33, 16, 53, 1, 49, 129, 70, 38, 40, 0, 69, 96, 6, 25, 87, 85, 68, 63, 123, 108, 10, 4, 61, 104, 111, 45, 19, 92, 36, 21, 46, 39, 43, 50, 59, 5, 101, 9, 13, 95, 32, 20, 7, 107, 125, 113, 116, 127, 15, 44, 126, 103, 94, 78, 37, 105, 71, 90, 98, 11, 86, 80, 102, 110, 122, 100, 81, 64, 41, 22]
   Parameters:
      population_size: 200
      elite_size: 20
      mutation_rate: 0.01
      tournament_size: 3
      generations: 10000

8. Best Fitness: 9140.87
   Average Fitness: 10357.99
   Runtime: 138.69 seconds
   Route: [61, 114, 27, 89, 124, 84, 65, 77, 120, 58, 29, 82, 63, 68, 123, 128, 60, 108, 111, 116, 113, 125, 32, 20, 17, 127, 15, 44, 4, 10, 75, 126, 106, 23, 94, 78, 37, 105, 3, 19, 45, 79, 117, 99, 115, 86, 11, 64, 55, 110, 122, 100, 81, 102, 80, 76, 93, 112, 31, 97, 109, 6, 85, 87, 25, 96, 69, 62, 67, 47, 24, 35, 83, 118, 56, 8, 51, 74, 73, 98, 72, 91, 48, 57, 1, 49, 129, 70, 40, 38, 2, 107, 7, 43, 41, 52, 119, 5, 101, 90, 71, 59, 50, 54, 121, 13, 9, 95, 66, 12, 22, 39, 46, 21, 36, 92, 34, 53, 16, 33, 30, 26, 18, 14, 28, 88, 42, 103, 0, 104]
   Parameters:
      population_size: 100
      elite_size: 10
      mutation_rate: 0.01
      tournament_size: 7
      generations: 10000

9. Best Fitness: 9437.42
   Average Fitness: 10762.91
   Runtime: 282.41 seconds
   Route: [8, 56, 55, 64, 102, 67, 62, 6, 87, 85, 68, 63, 123, 33, 34, 54, 5, 101, 121, 19, 1, 49, 129, 70, 38, 40, 0, 16, 30, 94, 72, 98, 90, 71, 52, 41, 43, 36, 21, 32, 20, 125, 29, 58, 124, 89, 77, 120, 12, 66, 95, 9, 13, 22, 46, 39, 92, 3, 37, 78, 11, 86, 80, 76, 93, 109, 42, 103, 106, 126, 104, 61, 111, 116, 127, 15, 44, 75, 128, 69, 96, 25, 60, 108, 10, 4, 114, 27, 65, 84, 82, 2, 113, 107, 7, 17, 45, 79, 117, 53, 115, 23, 28, 35, 83, 112, 88, 14, 99, 26, 18, 97, 47, 24, 31, 118, 110, 122, 100, 81, 51, 74, 73, 91, 105, 50, 59, 119, 48, 57]
   Parameters:
      population_size: 200
      elite_size: 10
      mutation_rate: 0.01
      tournament_size: 7
      generations: 10000

10. Best Fitness: 9523.70
   Average Fitness: 11235.23
   Runtime: 62.34 seconds
   Route: [48, 119, 59, 54, 13, 9, 101, 5, 90, 71, 98, 73, 74, 51, 11, 86, 37, 41, 43, 19, 45, 17, 79, 33, 42, 62, 67, 47, 24, 97, 109, 18, 26, 1, 49, 129, 70, 38, 16, 30, 99, 115, 23, 14, 28, 93, 112, 31, 35, 83, 118, 110, 122, 100, 88, 69, 96, 6, 25, 123, 60, 108, 75, 10, 4, 15, 127, 104, 111, 116, 107, 7, 20, 32, 3, 34, 78, 94, 80, 76, 102, 81, 56, 8, 55, 64, 72, 91, 52, 50, 39, 21, 120, 77, 65, 84, 124, 89, 58, 29, 125, 36, 46, 121, 95, 66, 12, 22, 92, 117, 53, 103, 106, 126, 0, 40, 128, 63, 68, 85, 87, 44, 61, 27, 114, 82, 2, 113, 105, 57]
   Parameters:
      population_size: 50
      elite_size: 10
      mutation_rate: 0.01
      tournament_size: 3
      generations: 10000